0, 952.83, 0
1, 958.28, 0
2, 963.72, 0
3, 969.17, 0
4, 974.62, 1
5, 980.07, 0
6, 985.52, 0
7, 990.97, 0
8, 996.42, 0
9, 1001.87, 0
10, 1007.31, 0
11, 1012.76, 1
12, 1018.21, 0
13, 1023.66, 0
14, 1029.11, 0
15, 1034.56, 0
16, 1040.01, 0
17, 1045.46, 0
18, 1050.91, 0
19, 1056.35, 0
20, 1061.80, 0
21, 1067.25, 0
22, 1072.70, 1
23, 1078.15, 0
24, 1083.60, 0
25, 1089.05, 0
26, 1094.50, 0
27, 1099.95, 0
28, 1105.39, 0
29, 1110.84, 0
30, 1116.29, 0
31, 1121.74, 0
32, 1127.19, 0
33, 1132.64, 1
34, 1138.09, 0
35, 1143.54, 0
36, 1148.98, 0
37, 1154.43, 0
38, 1159.88, 0
39, 1165.33, 0
40, 1170.78, 0
41, 1176.23, 0
42, 1181.68, 0
43, 1187.13, 0
44, 1192.58, 0
45, 1198.02, 0
46, 1203.47, 0
47, 1208.92, 0
48, 1214.37, 0
49, 1219.82, 0
50, 1225.27, 0
51, 1230.72, 0
52, 1236.17, 0
53, 1241.61, 0
54, 1247.06, 0
55, 1252.51, 0
56, 1257.96, 0
57, 1263.41, 0
58, 1268.86, 0
59, 1274.31, 0
60, 1279.76, 0
61, 1285.21, 0
62, 1290.65, 0
63, 1296.10, 0
64, 1301.55, 0
65, 1307.00, 0
66, 1312.45, 0
67, 1317.90, 0
68, 1323.35, 0
69, 1328.80, 0
70, 1334.25, 0
71, 1339.69, 0
72, 1345.14, 0
73, 1350.59, 0
74, 1356.04, 0
75, 1361.49, 3
76, 1366.94, 12
77, 1372.39, 5
78, 1377.84, 5
79, 1383.28, 10
80, 1388.73, 10
81, 1394.18, 13
82, 1399.63, 7
83, 1405.08, 9
84, 1410.53, 3
85, 1415.98, 1
86, 1421.43, 0
87, 1426.88, 0
88, 1432.32, 0
89, 1437.77, 1
90, 1443.22, 1
91, 1448.67, 0
92, 1454.12, 0
93, 1459.57, 0
94, 1465.02, 0
95, 1470.47, 0
96, 1475.91, 0
97, 1481.36, 0
98, 1486.81, 0
99, 1492.26, 0
100, 1497.71, 0
101, 1503.16, 0
102, 1508.61, 0
103, 1514.06, 0
104, 1519.51, 0
105, 1524.95, 0
106, 1530.40, 0
107, 1535.85, 0
108, 1541.30, 0
109, 1546.75, 0
110, 1552.20, 0
111, 1557.65, 0
112, 1563.10, 0
113, 1568.55, 0
114, 1573.99, 0
115, 1579.44, 0
116, 1584.89, 0
117, 1590.34, 1
118, 1595.79, 0
119, 1601.24, 0
120, 1606.69, 0
121, 1612.14, 0
122, 1617.58, 1
123, 1623.03, 0
124, 1628.48, 0
125, 1633.93, 0
126, 1639.38, 0
127, 1644.83, 1
128, 1650.28, 0
129, 1655.73, 0
130, 1661.18, 0
131, 1666.62, 0
132, 1672.07, 1
133, 1677.52, 0
134, 1682.97, 0
135, 1688.42, 0
136, 1693.87, 0
137, 1699.32, 0
138, 1704.77, 0
139, 1710.22, 0
140, 1715.66, 0
141, 1721.11, 0
142, 1726.56, 0
143, 1732.01, 1
144, 1737.46, 0
145, 1742.91, 0
146, 1748.36, 0
147, 1753.81, 0
148, 1759.25, 0
149, 1764.70, 0
150, 1770.15, 0
151, 1775.60, 0
152, 1781.05, 0
153, 1786.50, 0
154, 1791.95, 1
155, 1797.40, 0
156, 1802.85, 0
157, 1808.29, 0
158, 1813.74, 1
159, 1819.19, 30
160, 1824.64, 63
161, 1830.09, 75
162, 1835.54, 71
163, 1840.99, 69
164, 1846.44, 72
165, 1851.88, 64
166, 1857.33, 81
167, 1862.78, 80
168, 1868.23, 73
169, 1873.68, 77
170, 1879.13, 85
171, 1884.58, 74
172, 1890.03, 68
173, 1895.48, 78
174, 1900.92, 75
175, 1906.37, 86
176, 1911.82, 82
177, 1917.27, 67
178, 1922.72, 59
179, 1928.17, 74
180, 1933.62, 61
181, 1939.07, 52
182, 1944.52, 22
183, 1949.96, 8
184, 1955.41, 12
185, 1960.86, 4
186, 1966.31, 0
187, 1971.76, 0
188, 1977.21, 0
189, 1982.66, 0
190, 1988.11, 0
191, 1993.55, 0
192, 1999.00, 0
193, 2004.45, 3
194, 2009.90, 0
195, 2015.35, 0
196, 2020.80, 0
197, 2026.25, 0
198, 2031.70, 0
199, 2037.15, 0
200, 2042.59, 0
201, 2048.04, 1
202, 2053.49, 0
203, 2058.94, 0
204, 2064.39, 0
205, 2069.84, 0
206, 2075.29, 0
207, 2080.74, 0
208, 2086.19, 0
209, 2091.63, 0
210, 2097.08, 0
211, 2102.53, 0
212, 2107.98, 0
213, 2113.43, 0
214, 2118.88, 0
215, 2124.33, 1
216, 2129.78, 0
217, 2135.22, 0
218, 2140.67, 0
219, 2146.12, 0
220, 2151.57, 0
221, 2157.02, 0
222, 2162.47, 0
223, 2167.92, 0
224, 2173.37, 0
225, 2178.82, 1
226, 2184.26, 0
227, 2189.71, 0
228, 2195.16, 0
229, 2200.61, 0
230, 2206.06, 0
231, 2211.51, 0
232, 2216.96, 2
233, 2222.41, 0
234, 2227.85, 0
235, 2233.30, 0
236, 2238.75, 0
237, 2244.20, 0
238, 2249.65, 0
239, 2255.10, 0
240, 2260.55, 0
241, 2266.00, 0
242, 2271.45, 0
243, 2276.89, 0
244, 2282.34, 1
245, 2287.79, 0
246, 2293.24, 0
247, 2298.69, 0
248, 2304.14, 0
249, 2309.59, 0
250, 2315.04, 0
251, 2320.49, 0
252, 2325.93, 0
253, 2331.38, 1
254, 2336.83, 0
255, 2342.28, 0
256, 2347.73, 0
257, 2353.18, 0
258, 2358.63, 0
259, 2364.08, 0
260, 2369.52, 1
261, 2374.97, 1
262, 2380.42, 2
263, 2385.87, 1
264, 2391.32, 1
265, 2396.77, 0
266, 2402.22, 1
267, 2407.67, 1
268, 2413.12, 2
269, 2418.56, 3
270, 2424.01, 3
271, 2429.46, 0
272, 2434.91, 7
273, 2440.36, 4
274, 2445.81, 14
275, 2451.26, 32
276, 2456.71, 16
277, 2462.16, 10
278, 2467.60, 23
279, 2473.05, 30
280, 2478.50, 33
281, 2483.95, 56
282, 2489.40, 63
283, 2494.85, 53
284, 2500.30, 39
285, 2505.75, 48
286, 2511.19, 59
287, 2516.64, 54